











2019,05,12 1* ++
2019,05,11 1* ++
2019,05,10 1* ++
2019,05,09 1* ++, 1* ++
2019,05,05 1* ++
2019,05,04 1* ++
2019,05,01 1* ++
2019,04,28 2* ++ o, 1* ++
2019,04,25 1* ++
2019,04,23 1* ++
2019,04,20 1* ++
2019,04,18 1* +
2019,04,17 1*
2019,04,13 1* ++, 1* ++
2019,04,10 1* ++, 1* + o
2019,04,04 1* ++ o
2019,04,01 1* ++
2019,03,31 1* ++
2019,03,30 1* ++

2019,03,27 1* ++
2019,03,26 1* ++
2019,03,24 1* ++, 1* ++ о
2019,03,23 1* ++
2019,03,21 1* -
2019,03,19 1* +
2019,03,17 1* ++, 1* ++ о
2019,03,16 1* +
2019,03,14 1
2019,03,13 1
2019,03,12 1*++
2019,03,10 1* ++
2019,03,09 1* ++
2019,03,07 1 комментарий
2019,03,06 1* ++
2019,03,03 1* ++
2019,02,28 2

17,05,2018 3*
16,05,2018 2*
15,05,2018 2*
14,05,2018 2
13,05,2018 1
12,05,2018 5
05,05,2018 2
04,05,2018 5
03,05,2018 2
02,05,2018 1
30,04,2018 2
29,04,2018 4
27,04,2018 5
26,04,2018 1
25,04,2018 2
22,04,2018 6
21,04,2018 4
20,04,2018 2
18,04,2018 2
17,04,2018 2
13,04,2018 1
12,04,2018 3
11,04,2018 1
09,04,2018 1
07,04,2018 1
06,04,2018 1
06,04,2018 1
04,04,2018 3
03,04,2018 2
29,03,2018 1
27,03,2018 1* 1
24,03,2018 1*
22,03,2018 3
21,03,2018 2
20,03,2018 3
15,03,2018 2
14,03,2018 1
12,03,2018 1
10,03,2018 2
06,03,2018 3
27,02,2018 5
22,02,2018 2
21,02,2018 1
20,02,2018 1
19,02,2018 2
08,02,2018 1
07,02,2018 1
06,02,2018 3
05,02,2018 3
29,01,2018 3
10,01,2018 9
09,01,2018 1
07,01,2018 3
03,01,2018 4
28,12,2017 1
27,12,2017 2
25,12,2017 1
24,12,2017 4
19,12,2017 1
18,12,2017 1
17,12,2017 1
12,12,2017 4
11,12,2017 3
10,12,2017 1
09,12,2017 1
02,12,2017 1
30,11,2017 1
28,11,2017 3
27,11,2017 2
26,11,2017 1
24,11,2017 4
22,11,2017 2
21,11,2017 2
20,11,2017 1
19,11,2017 6
17,11,2017 3
15,11,2017 1
14,11,2017 3
13,11,2017 2
10,11,2017 4
09,11,2017 2
08,11,2017 3
05,11,2017 5
